{
  "nbformat": 4,
  "nbformat_minor": 0,
  "metadata": {
    "colab": {
      "name": "Добро пожаловать в Colaboratory!",
      "provenance": [],
      "collapsed_sections": [],
      "toc_visible": true
    },
    "kernelspec": {
      "display_name": "Python 3",
      "name": "python3"
    }
  },
  "cells": [
    {
      "cell_type": "markdown",
      "metadata": {
        "id": "MUjvGX_V9ctY"
      },
      "source": [
        "Домашняя работа 4"
      ]
    },
    {
      "cell_type": "code",
      "metadata": {
        "id": "cFfkbUAk9fxt"
      },
      "source": [
        "import numpy as np\n",
        "from math import ceil\n",
        "from math import floor"
      ],
      "execution_count": null,
      "outputs": []
    },
    {
      "cell_type": "code",
      "metadata": {
        "colab": {
          "base_uri": "https://localhost:8080/"
        },
        "id": "v9VESdER95WK",
        "outputId": "7940ab6a-8ecd-46e1-adc5-09d7f7500e3c"
      },
      "source": [
        "#1\n",
        "import numpy as np\n",
        "a = np.ones((3, 3))\n",
        "a[1, 1] = 0\n",
        "print(a)"
      ],
      "execution_count": 2,
      "outputs": [
        {
          "output_type": "stream",
          "name": "stdout",
          "text": [
            "[[1. 1. 1.]\n",
            " [1. 0. 1.]\n",
            " [1. 1. 1.]]\n"
          ]
        }
      ]
    },
    {
      "cell_type": "code",
      "metadata": {
        "colab": {
          "base_uri": "https://localhost:8080/"
        },
        "id": "4-xhKE11-KrI",
        "outputId": "4a35c262-1362-4e82-9329-a5c3ad5f3501"
      },
      "source": [
        "#2\n",
        "a = np.zeros((5, 5))\n",
        "for i in range(4):\n",
        "  a[i, i+1] = i + 1\n",
        "print(a)"
      ],
      "execution_count": 3,
      "outputs": [
        {
          "output_type": "stream",
          "name": "stdout",
          "text": [
            "[[0. 1. 0. 0. 0.]\n",
            " [0. 0. 2. 0. 0.]\n",
            " [0. 0. 0. 3. 0.]\n",
            " [0. 0. 0. 0. 4.]\n",
            " [0. 0. 0. 0. 0.]]\n"
          ]
        }
      ]
    },
    {
      "cell_type": "code",
      "metadata": {
        "colab": {
          "base_uri": "https://localhost:8080/"
        },
        "id": "AP8GsXnP-PBA",
        "outputId": "d0f1487c-d8fc-4c43-e886-7c8b96d4e855"
      },
      "source": [
        "#3\n",
        "X = np.random.rand(5, 10)\n",
        "x = 0\n",
        "for i in range(5):\n",
        "  for j in range(10):\n",
        "    x += X[i, j]\n",
        "Y = x/50\n",
        "Y"
      ],
      "execution_count": 4,
      "outputs": [
        {
          "output_type": "execute_result",
          "data": {
            "text/plain": [
              "0.5076225888955309"
            ]
          },
          "metadata": {},
          "execution_count": 4
        }
      ]
    },
    {
      "cell_type": "code",
      "metadata": {
        "colab": {
          "base_uri": "https://localhost:8080/"
        },
        "id": "20FDvLpx-Ugc",
        "outputId": "e42e3f49-93d6-45eb-a160-3ce715e82eac"
      },
      "source": [
        "#4\n",
        "A = np.random.rand(6, 7)\n",
        "B = A.copy()\n",
        "B[5] = A[2]\n",
        "B[2] = A[5]\n",
        "print(\"Оригинальный массив\", A)\n",
        "print(\"Конечный массив\", B)"
      ],
      "execution_count": 5,
      "outputs": [
        {
          "output_type": "stream",
          "name": "stdout",
          "text": [
            "Оригинальный массив [[0.36711042 0.31326142 0.21814661 0.33061227 0.43345797 0.89497476\n",
            "  0.98904605]\n",
            " [0.08608805 0.34814502 0.34165629 0.48082272 0.64297129 0.77262113\n",
            "  0.60017286]\n",
            " [0.47578218 0.47798658 0.09087659 0.39931058 0.92175958 0.05933429\n",
            "  0.34814123]\n",
            " [0.52638192 0.86464172 0.9821484  0.50816051 0.06692862 0.34871328\n",
            "  0.47410071]\n",
            " [0.02891264 0.15413466 0.16227358 0.12299524 0.89716383 0.33757467\n",
            "  0.90861976]\n",
            " [0.19569757 0.88653564 0.93352245 0.1713312  0.9799283  0.88006744\n",
            "  0.39640935]]\n",
            "Конечный массив [[0.36711042 0.31326142 0.21814661 0.33061227 0.43345797 0.89497476\n",
            "  0.98904605]\n",
            " [0.08608805 0.34814502 0.34165629 0.48082272 0.64297129 0.77262113\n",
            "  0.60017286]\n",
            " [0.19569757 0.88653564 0.93352245 0.1713312  0.9799283  0.88006744\n",
            "  0.39640935]\n",
            " [0.52638192 0.86464172 0.9821484  0.50816051 0.06692862 0.34871328\n",
            "  0.47410071]\n",
            " [0.02891264 0.15413466 0.16227358 0.12299524 0.89716383 0.33757467\n",
            "  0.90861976]\n",
            " [0.47578218 0.47798658 0.09087659 0.39931058 0.92175958 0.05933429\n",
            "  0.34814123]]\n"
          ]
        }
      ]
    },
    {
      "cell_type": "code",
      "metadata": {
        "colab": {
          "base_uri": "https://localhost:8080/"
        },
        "id": "acbb5EF1-ZA5",
        "outputId": "32af3cf2-96f8-4b75-ff39-d2c7ab766f30"
      },
      "source": [
        "#5\n",
        "C = np.random.rand(10, 10)\n",
        "С = C.astype('int32')\n",
        "print(C)"
      ],
      "execution_count": 6,
      "outputs": [
        {
          "output_type": "stream",
          "name": "stdout",
          "text": [
            "[[0.55920507 0.16664919 0.89161014 0.17547095 0.37275066 0.24457939\n",
            "  0.68022056 0.30852291 0.02272926 0.76384156]\n",
            " [0.82746355 0.7266475  0.74434086 0.6217285  0.8839385  0.00562886\n",
            "  0.57883735 0.2164072  0.08116538 0.28711516]\n",
            " [0.5143349  0.80185524 0.54836453 0.61310968 0.02034827 0.09482736\n",
            "  0.01288097 0.92220904 0.1848752  0.13200835]\n",
            " [0.91977538 0.41409003 0.63647096 0.82718152 0.33739277 0.74850467\n",
            "  0.72232831 0.59221437 0.04084879 0.83268322]\n",
            " [0.5064744  0.17746034 0.74169153 0.14779672 0.93244867 0.35516087\n",
            "  0.66508721 0.19049234 0.51987369 0.30712882]\n",
            " [0.43230066 0.90082428 0.87565403 0.47543911 0.29926591 0.81409227\n",
            "  0.03769915 0.06051163 0.8987304  0.28965706]\n",
            " [0.08972731 0.80943121 0.01522905 0.40965948 0.20954047 0.83321876\n",
            "  0.00754406 0.71515751 0.47062876 0.1354813 ]\n",
            " [0.45874994 0.29826384 0.06501781 0.08015484 0.61344473 0.37161478\n",
            "  0.97155992 0.3862662  0.74350475 0.95604247]\n",
            " [0.71328951 0.72196169 0.19729101 0.0584833  0.58753384 0.78078864\n",
            "  0.33577651 0.03210138 0.33625781 0.68917451]\n",
            " [0.90014897 0.0989658  0.25805613 0.57119783 0.02822348 0.09484803\n",
            "  0.2396559  0.88458624 0.09846816 0.52818235]]\n"
          ]
        }
      ]
    },
    {
      "cell_type": "code",
      "metadata": {
        "colab": {
          "base_uri": "https://localhost:8080/"
        },
        "id": "v_gmbGi4-c53",
        "outputId": "3aff3c9a-39c7-4ce4-f3ad-c7dfba168eab"
      },
      "source": [
        "#6\n",
        "R = np.random.rand(89, 67) # не понял как диапазон задать\n",
        "s = 0\n",
        "for M in range(89):\n",
        "  for N in range(67):\n",
        "    if R[M, N] != 0:\n",
        "      s += 1\n",
        "print(s)"
      ],
      "execution_count": 7,
      "outputs": [
        {
          "output_type": "stream",
          "name": "stdout",
          "text": [
            "5963\n"
          ]
        }
      ]
    }
  ]
}